{
 "cells": [
  {
   "cell_type": "code",
   "execution_count": 1,
   "metadata": {},
   "outputs": [],
   "source": [
    "import sys \n",
    "sys.path.append('../scripts/')\n",
    "from kf import *   #誤差楕円を描くのに利用"
   ]
  },
  {
   "cell_type": "code",
   "execution_count": 2,
   "metadata": {},
   "outputs": [],
   "source": [
    "def make_ax(): #axisの準備\n",
    "    fig = plt.figure(figsize=(4,4))\n",
    "    ax = fig.add_subplot(111)\n",
    "    ax.set_aspect('equal')\n",
    "    ax.set_xlim(-5,5)                  \n",
    "    ax.set_ylim(-5,5) \n",
    "    ax.set_xlabel(\"X\",fontsize=10) \n",
    "    ax.set_ylabel(\"Y\",fontsize=10)  \n",
    "    return ax\n",
    "\n",
    "def draw_trajectory(xs, ax): #軌跡の描画\n",
    "    poses = [xs[s] for s in range(len(xs))]\n",
    "    ax.scatter([e[0] for e in poses], [e[1] for e in poses], s=5, marker=\".\", color=\"black\")\n",
    "    ax.plot([e[0] for e in poses], [e[1] for e in poses], linewidth=0.5, color=\"black\")\n",
    "    \n",
    "def draw_observations(xs, zlist, ax): #センサ値の描画\n",
    "    for s in range(len(xs)):\n",
    "        if s not in zlist:\n",
    "            continue\n",
    "            \n",
    "        for obs in zlist[s]:\n",
    "            x, y, theta = xs[s]\n",
    "            ell, phi = obs[1][0], obs[1][1]\n",
    "            mx = x + ell*math.cos(theta + phi)\n",
    "            my = y + ell*math.sin(theta + phi)\n",
    "            ax.plot([x,mx], [y,my], color=\"pink\", alpha=0.5)\n",
    "            \n",
    "def draw_edges(edges, ax): ###graphbasedslam2draw\n",
    "    for e in edges:\n",
    "        ax.plot([e.x1[0], e.x2[0]], [e.x1[1] ,e.x2[1]], color=\"red\", alpha=0.5)\n",
    "\n",
    "def draw(xs, zlist, edges): #引数追加\n",
    "    ax = make_ax()\n",
    "    draw_observations(xs, zlist, ax)\n",
    "    draw_trajectory(xs, ax)\n",
    "    draw_edges(edges, ax) #追加\n",
    "    plt.show()"
   ]
  },
  {
   "cell_type": "code",
   "execution_count": 3,
   "metadata": {},
   "outputs": [],
   "source": [
    "def read_data():#データの読み込み\n",
    "    hat_xs = {}     #軌跡のデータ（ステップ数をキーにして姿勢を保存）\n",
    "    zlist = {} #センサ値のデータ（ステップ数をキーにして、さらにその中にランドマークのIDとセンサ値をタプルで保存）\n",
    "\n",
    "    with open(\"log.txt\") as f:\n",
    "        for line in f.readlines():\n",
    "            tmp = line.rstrip().split()\n",
    "\n",
    "            step = int(tmp[1])\n",
    "            if tmp[0] == \"x\": #姿勢のレコードの場合\n",
    "                hat_xs[step] = np.array([float(tmp[2]), float(tmp[3]), float(tmp[4])]).T\n",
    "            elif tmp[0] == \"z\": #センサ値のレコードの場合\n",
    "                if step not in zlist:  #まだ辞書が空の時は空の辞書を作る\n",
    "                    zlist[step] = []\n",
    "                zlist[step].append((int(tmp[2]), np.array([float(tmp[3]), float(tmp[4]), float(tmp[5])]).T))\n",
    "                \n",
    "        return hat_xs, zlist"
   ]
  },
  {
   "cell_type": "code",
   "execution_count": 4,
   "metadata": {},
   "outputs": [],
   "source": [
    "class ObsEdge:  ###graphbasedslam4matrix\n",
    "    def __init__(self, t1, t2, z1, z2, xs, sensor_noise_rate=[0.14, 0.05, 0.05]): #sensor_noise_rate追加\n",
    "        assert z1[0] == z2[0] \n",
    "\n",
    "        self.t1, self.t2 = t1, t2  \n",
    "        self.x1, self.x2 = xs[t1], xs[t2]\n",
    "        self.z1, self.z2 = z1[1], z2[1]\n",
    "        \n",
    "        s1 = math.sin(self.x1[2] + self.z1[1]) \n",
    "        c1 = math.cos(self.x1[2] + self.z1[1])\n",
    "        s2 = math.sin(self.x2[2] + self.z2[1])\n",
    "        c2 = math.cos(self.x2[2] + self.z2[1])\n",
    "        \n",
    "        ##誤差の計算##\n",
    "        hat_e = self.x2 - self.x1 + np.array([\n",
    "            self.z2[0]*c2 - self.z1[0]*c1, \n",
    "            self.z2[0]*s2 - self.z1[0]*s1,\n",
    "            self.z2[1] - self.z2[2] - self.z1[1] + self.z1[2]\n",
    "        ])\n",
    "        while hat_e[2] >= math.pi: hat_e[2] -= math.pi*2\n",
    "        while hat_e[2] <  -math.pi: hat_e[2] += math.pi*2\n",
    "            \n",
    "        ##精度行列の作成## \n",
    "        Q1 = np.diag([(self.z1[0]*sensor_noise_rate[0])**2, sensor_noise_rate[1]**2, sensor_noise_rate[2]**2])\n",
    "        R1 = - np.array([[c1, -self.z1[0]*s1,  0],\n",
    "                                     [s1,   self.z1[0]*c1, 0],\n",
    "                                   [   0,                      1, -1]])\n",
    "        \n",
    "        Q2 = np.diag([(self.z2[0]*sensor_noise_rate[0])**2, sensor_noise_rate[1]**2, sensor_noise_rate[2]**2])\n",
    "        R2 = np.array([[c2, -self.z2[0]*s2, 0],\n",
    "                                  [s2, self.z2[0]*c2,   0],\n",
    "                                  [  0,                      1,  -1]])\n",
    "        \n",
    "        Sigma = R1.dot(Q1).dot(R1.T) + R2.dot(Q2).dot(R2.T)\n",
    "        Omega = np.linalg.inv(Sigma)\n",
    "        \n",
    "        print(Sigma)"
   ]
  },
  {
   "cell_type": "code",
   "execution_count": 5,
   "metadata": {},
   "outputs": [],
   "source": [
    "import itertools\n",
    "def make_edges(hat_xs, zlist):\n",
    "    landmark_keys_zlist = {} #ランドマークのIDをキーにして観測された時刻とセンサ値を記録\n",
    "\n",
    "    for step in zlist:           #キーを時刻からランドマークのIDへ\n",
    "        for z in zlist[step]:\n",
    "            landmark_id = z[0]\n",
    "            if landmark_id not in landmark_keys_zlist: \n",
    "                landmark_keys_zlist[landmark_id] = []\n",
    "\n",
    "            landmark_keys_zlist[landmark_id].append((step, z))\n",
    "    \n",
    "    edges = []\n",
    "    for landmark_id in landmark_keys_zlist:\n",
    "        step_pairs = list(itertools.combinations(landmark_keys_zlist[landmark_id], 2)) #時刻のペアを作成\n",
    "        edges += [ObsEdge(xz1[0], xz2[0], xz1[1], xz2[1], hat_xs) for xz1, xz2 in step_pairs]\n",
    "        \n",
    "    return edges"
   ]
  },
  {
   "cell_type": "code",
   "execution_count": 6,
   "metadata": {
    "scrolled": false
   },
   "outputs": [
    {
     "name": "stdout",
     "output_type": "stream",
     "text": [
      "[[ 0.67793758  0.14519211 -0.00394229]\n",
      " [ 0.14519211  0.13382716  0.0191406 ]\n",
      " [-0.00394229  0.0191406   0.01      ]]\n",
      "[[ 0.4670525   0.13952351 -0.00478058]\n",
      " [ 0.13952351  0.12936061  0.01632383]\n",
      " [-0.00478058  0.01632383  0.01      ]]\n",
      "[[ 0.54202546  0.17409225 -0.00544123]\n",
      " [ 0.17409225  0.159657    0.01735218]\n",
      " [-0.00544123  0.01735218  0.01      ]]\n",
      "[[ 0.32014161  0.11470124 -0.00512707]\n",
      " [ 0.11470124  0.12116026  0.01381974]\n",
      " [-0.00512707  0.01381974  0.01      ]]\n",
      "[[ 0.23071511  0.09122993 -0.00539853]\n",
      " [ 0.09122993  0.11852761  0.0118098 ]\n",
      " [-0.00539853  0.0118098   0.01      ]]\n",
      "[[ 0.19801783  0.06864416 -0.00468462]\n",
      " [ 0.06864416  0.09225751  0.01098499]\n",
      " [-0.00468462  0.01098499  0.01      ]]\n",
      "[[ 0.15901617  0.03545642 -0.00306136]\n",
      " [ 0.03545642  0.04873758  0.00985269]\n",
      " [-0.00306136  0.00985269  0.01      ]]\n",
      "[[ 0.13307507  0.01638224 -0.0018468 ]\n",
      " [ 0.01638224  0.0272212   0.00884097]\n",
      " [-0.0018468   0.00884097  0.01      ]]\n",
      "[[ 0.51786381  0.36706801 -0.01262197]\n",
      " [ 0.36706801  0.55563763  0.01626973]\n",
      " [-0.01262197  0.01626973  0.01      ]]\n",
      "[[ 0.28973481  0.20713592 -0.0113904 ]\n",
      " [ 0.20713592  0.43549312  0.01227957]\n",
      " [-0.0113904   0.01227957  0.01      ]]\n",
      "[[ 0.16384105  0.0754034  -0.01025895]\n",
      " [ 0.0754034   0.34403888  0.00831016]\n",
      " [-0.01025895  0.00831016  0.01      ]]\n",
      "[[ 0.13872777  0.03447989 -0.00917274]\n",
      " [ 0.03447989  0.27588493  0.0069933 ]\n",
      " [-0.00917274  0.0069933   0.01      ]]\n",
      "[[ 0.1272854   0.01077755 -0.00826904]\n",
      " [ 0.01077755  0.22593537  0.00609189]\n",
      " [-0.00826904  0.00609189  0.01      ]]\n",
      "[[ 0.1139199   0.01372759 -0.00550207]\n",
      " [ 0.01372759  0.1070966   0.00652166]\n",
      " [-0.00550207  0.00652166  0.01      ]]\n",
      "[[ 0.1189085   0.0240756  -0.00517248]\n",
      " [ 0.0240756   0.09692879  0.00731337]\n",
      " [-0.00517248  0.00731337  0.01      ]]\n",
      "[[ 0.94613201  0.28396353 -0.00867404]\n",
      " [ 0.28396353  0.23781954  0.02420289]\n",
      " [-0.00867404  0.02420289  0.01      ]]\n",
      "[[ 1.02110497  0.31853226 -0.0093347 ]\n",
      " [ 0.31853226  0.26811593  0.02523124]\n",
      " [-0.0093347   0.02523124  0.01      ]]\n",
      "[[ 0.79922112  0.25914126 -0.00902054]\n",
      " [ 0.25914126  0.22961919  0.0216988 ]\n",
      " [-0.00902054  0.0216988   0.01      ]]\n",
      "[[ 0.70979462  0.23566995 -0.009292  ]\n",
      " [ 0.23566995  0.22698654  0.01968886]\n",
      " [-0.009292    0.01968886  0.01      ]]\n",
      "[[ 0.67709734  0.21308417 -0.00857809]\n",
      " [ 0.21308417  0.20071644  0.01886405]\n",
      " [-0.00857809  0.01886405  0.01      ]]\n",
      "[[ 0.63809569  0.17989644 -0.00695483]\n",
      " [ 0.17989644  0.15719651  0.01773175]\n",
      " [-0.00695483  0.01773175  0.01      ]]\n",
      "[[ 0.61215458  0.16082226 -0.00574026]\n",
      " [ 0.16082226  0.13568013  0.01672003]\n",
      " [-0.00574026  0.01672003  0.01      ]]\n",
      "[[ 0.99694332  0.51150803 -0.01651544]\n",
      " [ 0.51150803  0.66409656  0.02414878]\n",
      " [-0.01651544  0.02414878  0.01      ]]\n",
      "[[ 0.76881432  0.35157594 -0.01528387]\n",
      " [ 0.35157594  0.54395205  0.02015862]\n",
      " [-0.01528387  0.02015862  0.01      ]]\n",
      "[[ 0.64292056  0.21984341 -0.01415242]\n",
      " [ 0.21984341  0.45249781  0.01618921]\n",
      " [-0.01415242  0.01618921  0.01      ]]\n",
      "[[ 0.61780728  0.17891991 -0.01306621]\n",
      " [ 0.17891991  0.38434386  0.01487236]\n",
      " [-0.01306621  0.01487236  0.01      ]]\n",
      "[[ 0.60636491  0.15521757 -0.01216251]\n",
      " [ 0.15521757  0.3343943   0.01397094]\n",
      " [-0.01216251  0.01397094  0.01      ]]\n",
      "[[ 0.59299941  0.1581676  -0.00939554]\n",
      " [ 0.1581676   0.21555553  0.01440071]\n",
      " [-0.00939554  0.01440071  0.01      ]]\n",
      "[[ 0.59798801  0.16851562 -0.00906595]\n",
      " [ 0.16851562  0.20538772  0.01519243]\n",
      " [-0.00906595  0.01519243  0.01      ]]\n",
      "[[ 0.81021989  0.31286366 -0.01017299]\n",
      " [ 0.31286366  0.26364938  0.02241447]\n",
      " [-0.01017299  0.02241447  0.01      ]]\n",
      "[[ 0.58833604  0.25347266 -0.00985883]\n",
      " [ 0.25347266  0.22515264  0.01888203]\n",
      " [-0.00985883  0.01888203  0.01      ]]\n",
      "[[ 0.49890954  0.23000135 -0.01013029]\n",
      " [ 0.23000135  0.22251999  0.01687209]\n",
      " [-0.01013029  0.01687209  0.01      ]]\n",
      "[[ 0.46621226  0.20741558 -0.00941638]\n",
      " [ 0.20741558  0.19624989  0.01604728]\n",
      " [-0.00941638  0.01604728  0.01      ]]\n",
      "[[ 0.42721061  0.17422784 -0.00779312]\n",
      " [ 0.17422784  0.15272997  0.01491498]\n",
      " [-0.00779312  0.01491498  0.01      ]]\n",
      "[[ 0.40126951  0.15515366 -0.00657855]\n",
      " [ 0.15515366  0.13121358  0.01390326]\n",
      " [-0.00657855  0.01390326  0.01      ]]\n",
      "[[ 0.78605824  0.50583943 -0.01735373]\n",
      " [ 0.50583943  0.65963001  0.02133201]\n",
      " [-0.01735373  0.02133201  0.01      ]]\n",
      "[[ 0.55792924  0.34590734 -0.01612216]\n",
      " [ 0.34590734  0.5394855   0.01734185]\n",
      " [-0.01612216  0.01734185  0.01      ]]\n",
      "[[ 0.43203548  0.21417481 -0.01499071]\n",
      " [ 0.21417481  0.44803126  0.01337244]\n",
      " [-0.01499071  0.01337244  0.01      ]]\n",
      "[[ 0.4069222   0.17325131 -0.0139045 ]\n",
      " [ 0.17325131  0.37987731  0.01205559]\n",
      " [-0.0139045   0.01205559  0.01      ]]\n",
      "[[ 0.39547983  0.14954897 -0.0130008 ]\n",
      " [ 0.14954897  0.32992775  0.01115417]\n",
      " [-0.0130008   0.01115417  0.01      ]]\n",
      "[[ 0.38211433  0.152499   -0.01023383]\n",
      " [ 0.152499    0.21108898  0.01158394]\n",
      " [-0.01023383  0.01158394  0.01      ]]\n",
      "[[ 0.38710293  0.16284702 -0.00990424]\n",
      " [ 0.16284702  0.20092117  0.01237565]\n",
      " [-0.00990424  0.01237565  0.01      ]]\n",
      "[[ 0.663309    0.2880414  -0.01051948]\n",
      " [ 0.2880414   0.25544903  0.01991038]\n",
      " [-0.01051948  0.01991038  0.01      ]]\n",
      "[[ 0.5738825   0.26457009 -0.01079094]\n",
      " [ 0.26457009  0.25281638  0.01790044]\n",
      " [-0.01079094  0.01790044  0.01      ]]\n",
      "[[ 0.54118522  0.24198431 -0.01007703]\n",
      " [ 0.24198431  0.22654628  0.01707563]\n",
      " [-0.01007703  0.01707563  0.01      ]]\n",
      "[[ 0.50218357  0.20879658 -0.00845377]\n",
      " [ 0.20879658  0.18302635  0.01594333]\n",
      " [-0.00845377  0.01594333  0.01      ]]\n",
      "[[ 0.47624246  0.18972239 -0.00723921]\n",
      " [ 0.18972239  0.16150997  0.01493161]\n",
      " [-0.00723921  0.01493161  0.01      ]]\n",
      "[[ 0.8610312   0.54040816 -0.01801438]\n",
      " [ 0.54040816  0.6899264   0.02236036]\n",
      " [-0.01801438  0.02236036  0.01      ]]\n",
      "[[ 0.6329022   0.38047607 -0.01678281]\n",
      " [ 0.38047607  0.56978189  0.01837021]\n",
      " [-0.01678281  0.01837021  0.01      ]]\n",
      "[[ 0.50700844  0.24874355 -0.01565136]\n",
      " [ 0.24874355  0.47832765  0.0144008 ]\n",
      " [-0.01565136  0.0144008   0.01      ]]\n",
      "[[ 0.48189516  0.20782004 -0.01456515]\n",
      " [ 0.20782004  0.4101737   0.01308394]\n",
      " [-0.01456515  0.01308394  0.01      ]]\n",
      "[[ 0.47045279  0.18411771 -0.01366145]\n",
      " [ 0.18411771  0.36022414  0.01218253]\n",
      " [-0.01366145  0.01218253  0.01      ]]\n",
      "[[ 0.45708729  0.18706774 -0.01089448]\n",
      " [ 0.18706774  0.24138537  0.01261229]\n",
      " [-0.01089448  0.01261229  0.01      ]]\n",
      "[[ 0.46207589  0.19741576 -0.01056489]\n",
      " [ 0.19741576  0.23121756  0.01340401]\n",
      " [-0.01056489  0.01340401  0.01      ]]\n",
      "[[ 0.35199865  0.20517908 -0.01047678]\n",
      " [ 0.20517908  0.21431964  0.014368  ]\n",
      " [-0.01047678  0.014368    0.01      ]]\n",
      "[[ 0.31930137  0.18259331 -0.00976287]\n",
      " [ 0.18259331  0.18804954  0.01354319]\n",
      " [-0.00976287  0.01354319  0.01      ]]\n",
      "[[ 0.28029972  0.14940557 -0.00813962]\n",
      " [ 0.14940557  0.14452962  0.01241089]\n",
      " [-0.00813962  0.01241089  0.01      ]]\n",
      "[[ 0.25435861  0.13033139 -0.00692505]\n",
      " [ 0.13033139  0.12301323  0.01139917]\n",
      " [-0.00692505  0.01139917  0.01      ]]\n",
      "[[ 0.63914735  0.48101716 -0.01770022]\n",
      " [ 0.48101716  0.65142966  0.01882792]\n",
      " [-0.01770022  0.01882792  0.01      ]]\n",
      "[[ 0.41101835  0.32108507 -0.01646865]\n",
      " [ 0.32108507  0.53128515  0.01483776]\n",
      " [-0.01646865  0.01483776  0.01      ]]\n",
      "[[ 0.28512459  0.18935254 -0.0153372 ]\n",
      " [ 0.18935254  0.43983091  0.01086835]\n",
      " [-0.0153372   0.01086835  0.01      ]]\n",
      "[[ 0.26001131  0.14842904 -0.01425099]\n",
      " [ 0.14842904  0.37167696  0.0095515 ]\n",
      " [-0.01425099  0.0095515   0.01      ]]\n",
      "[[ 0.24856894  0.1247267  -0.01334729]\n",
      " [ 0.1247267   0.3217274   0.00865008]\n",
      " [-0.01334729  0.00865008  0.01      ]]\n",
      "[[ 0.23520344  0.12767674 -0.01058032]\n",
      " [ 0.12767674  0.20288863  0.00907985]\n",
      " [-0.01058032  0.00907985  0.01      ]]\n",
      "[[ 0.24019204  0.13802475 -0.01025073]\n",
      " [ 0.13802475  0.19272082  0.00987156]\n",
      " [-0.01025073  0.00987156  0.01      ]]\n",
      "[[ 0.22987487  0.159122   -0.01003433]\n",
      " [ 0.159122    0.18541689  0.01153324]\n",
      " [-0.01003433  0.01153324  0.01      ]]\n",
      "[[ 0.19087322  0.12593426 -0.00841108]\n",
      " [ 0.12593426  0.14189697  0.01040094]\n",
      " [-0.00841108  0.01040094  0.01      ]]\n",
      "[[ 0.16493211  0.10686008 -0.00719651]\n",
      " [ 0.10686008  0.12038058  0.00938922]\n",
      " [-0.00719651  0.00938922  0.01      ]]\n",
      "[[ 0.54972085  0.45754585 -0.01797168]\n",
      " [ 0.45754585  0.64879702  0.01681798]\n",
      " [-0.01797168  0.01681798  0.01      ]]\n",
      "[[ 0.32159185  0.29761376 -0.01674011]\n",
      " [ 0.29761376  0.5286525   0.01282782]\n",
      " [-0.01674011  0.01282782  0.01      ]]\n",
      "[[ 0.19569809  0.16588123 -0.01560866]\n",
      " [ 0.16588123  0.43719826  0.00885841]\n",
      " [-0.01560866  0.00885841  0.01      ]]\n",
      "[[ 0.17058481  0.12495773 -0.01452246]\n",
      " [ 0.12495773  0.36904431  0.00754155]\n",
      " [-0.01452246  0.00754155  0.01      ]]\n",
      "[[ 0.15914244  0.10125539 -0.01361875]\n",
      " [ 0.10125539  0.31909475  0.00664014]\n",
      " [-0.01361875  0.00664014  0.01      ]]\n",
      "[[ 0.14577694  0.10420543 -0.01085178]\n",
      " [ 0.10420543  0.20025598  0.00706991]\n",
      " [-0.01085178  0.00706991  0.01      ]]\n",
      "[[ 0.15076554  0.11455344 -0.01052219]\n",
      " [ 0.11455344  0.19008818  0.00786162]\n",
      " [-0.01052219  0.00786162  0.01      ]]\n",
      "[[ 0.15817594  0.10334849 -0.00769717]\n",
      " [ 0.10334849  0.11562687  0.00957614]\n",
      " [-0.00769717  0.00957614  0.01      ]]\n",
      "[[ 0.13223483  0.08427431 -0.0064826 ]\n",
      " [ 0.08427431  0.09411048  0.00856441]\n",
      " [-0.0064826   0.00856441  0.01      ]]\n",
      "[[ 0.51702357  0.43496008 -0.01725777]\n",
      " [ 0.43496008  0.62252691  0.01599317]\n",
      " [-0.01725777  0.01599317  0.01      ]]\n",
      "[[ 0.28889457  0.27502799 -0.0160262 ]\n",
      " [ 0.27502799  0.5023824   0.01200301]\n",
      " [-0.0160262   0.01200301  0.01      ]]\n",
      "[[ 0.16300081  0.14329546 -0.01489476]\n",
      " [ 0.14329546  0.41092816  0.0080336 ]\n",
      " [-0.01489476  0.0080336   0.01      ]]\n",
      "[[ 0.13788753  0.10237196 -0.01380855]\n",
      " [ 0.10237196  0.34277421  0.00671675]\n",
      " [-0.01380855  0.00671675  0.01      ]]\n",
      "[[ 0.12644516  0.07866962 -0.01290484]\n",
      " [ 0.07866962  0.29282465  0.00581533]\n",
      " [-0.01290484  0.00581533  0.01      ]]\n",
      "[[ 0.11307966  0.08161965 -0.01013788]\n",
      " [ 0.08161965  0.17398588  0.0062451 ]\n",
      " [-0.01013788  0.0062451   0.01      ]]\n",
      "[[ 0.11806826  0.09196767 -0.00980828]\n",
      " [ 0.09196767  0.16381807  0.00703681]\n",
      " [-0.00980828  0.00703681  0.01      ]]\n",
      "[[ 0.09323318  0.05108657 -0.00485934]\n",
      " [ 0.05108657  0.05059056  0.00743211]\n",
      " [-0.00485934  0.00743211  0.01      ]]\n",
      "[[ 0.47802192  0.40177234 -0.01563452]\n",
      " [ 0.40177234  0.57900699  0.01486087]\n",
      " [-0.01563452  0.01486087  0.01      ]]\n",
      "[[ 0.24989291  0.24184025 -0.01440295]\n",
      " [ 0.24184025  0.45886248  0.01087071]\n",
      " [-0.01440295  0.01087071  0.01      ]]\n",
      "[[ 0.12399916  0.11010773 -0.0132715 ]\n",
      " [ 0.11010773  0.36740824  0.0069013 ]\n",
      " [-0.0132715   0.0069013   0.01      ]]\n",
      "[[ 0.09888588  0.06918422 -0.01218529]\n",
      " [ 0.06918422  0.29925429  0.00558444]\n",
      " [-0.01218529  0.00558444  0.01      ]]\n",
      "[[ 0.08744351  0.04548188 -0.01128159]\n",
      " [ 0.04548188  0.24930473  0.00468303]\n",
      " [-0.01128159  0.00468303  0.01      ]]\n",
      "[[ 0.07407801  0.04843192 -0.00851462]\n",
      " [ 0.04843192  0.13046596  0.0051128 ]\n",
      " [-0.00851462  0.0051128   0.01      ]]\n",
      "[[ 0.07906661  0.05877993 -0.00818503]\n",
      " [ 0.05877993  0.12029815  0.00590451]\n",
      " [-0.00818503  0.00590451  0.01      ]]\n",
      "[[ 0.45208081  0.38269816 -0.01441995]\n",
      " [ 0.38269816  0.55749061  0.01384915]\n",
      " [-0.01441995  0.01384915  0.01      ]]\n",
      "[[ 0.22395181  0.22276607 -0.01318838]\n",
      " [ 0.22276607  0.43734609  0.00985899]\n",
      " [-0.01318838  0.00985899  0.01      ]]\n",
      "[[ 0.09805805  0.09103354 -0.01205693]\n",
      " [ 0.09103354  0.34589185  0.00588958]\n",
      " [-0.01205693  0.00588958  0.01      ]]\n",
      "[[ 0.07294478  0.05011004 -0.01097072]\n",
      " [ 0.05011004  0.2777379   0.00457272]\n",
      " [-0.01097072  0.00457272  0.01      ]]\n",
      "[[ 0.0615024   0.0264077  -0.01006702]\n",
      " [ 0.0264077   0.22778834  0.00367131]\n",
      " [-0.01006702  0.00367131  0.01      ]]\n",
      "[[ 0.0481369   0.02935774 -0.00730005]\n",
      " [ 0.02935774  0.10894957  0.00410108]\n",
      " [-0.00730005  0.00410108  0.01      ]]\n",
      "[[ 0.0531255   0.03970575 -0.00697046]\n",
      " [ 0.03970575  0.09878176  0.00489279]\n",
      " [-0.00697046  0.00489279  0.01      ]]\n",
      "[[ 0.60874055  0.57345184 -0.02396355]\n",
      " [ 0.57345184  0.96576252  0.01728775]\n",
      " [-0.02396355  0.01728775  0.01      ]]\n",
      "[[ 0.48284679  0.44171931 -0.0228321 ]\n",
      " [ 0.44171931  0.87430828  0.01331834]\n",
      " [-0.0228321   0.01331834  0.01      ]]\n",
      "[[ 0.45773351  0.40079581 -0.0217459 ]\n",
      " [ 0.40079581  0.80615434  0.01200148]\n",
      " [-0.0217459   0.01200148  0.01      ]]\n",
      "[[ 0.44629114  0.37709347 -0.02084219]\n",
      " [ 0.37709347  0.75620477  0.01110007]\n",
      " [-0.02084219  0.01110007  0.01      ]]\n",
      "[[ 0.43292564  0.38004351 -0.01807522]\n",
      " [ 0.38004351  0.637366    0.01152983]\n",
      " [-0.01807522  0.01152983  0.01      ]]\n",
      "[[ 0.43791424  0.39039152 -0.01774563]\n",
      " [ 0.39039152  0.6271982   0.01232155]\n",
      " [-0.01774563  0.01232155  0.01      ]]\n",
      "[[ 0.25471779  0.28178722 -0.02160053]\n",
      " [ 0.28178722  0.75416377  0.00932818]\n",
      " [-0.02160053  0.00932818  0.01      ]]\n",
      "[[ 0.22960451  0.24086372 -0.02051432]\n",
      " [ 0.24086372  0.68600982  0.00801132]\n",
      " [-0.02051432  0.00801132  0.01      ]]\n",
      "[[ 0.21816214  0.21716138 -0.01961062]\n",
      " [ 0.21716138  0.63606026  0.00710991]\n",
      " [-0.01961062  0.00710991  0.01      ]]\n",
      "[[ 0.20479664  0.22011141 -0.01684365]\n",
      " [ 0.22011141  0.51722149  0.00753968]\n",
      " [-0.01684365  0.00753968  0.01      ]]\n",
      "[[ 0.20978524  0.23045943 -0.01651406]\n",
      " [ 0.23045943  0.50705368  0.00833139]\n",
      " [-0.01651406  0.00833139  0.01      ]]\n",
      "[[ 0.10371075  0.10913119 -0.01938288]\n",
      " [ 0.10913119  0.59455558  0.00404191]\n",
      " [-0.01938288  0.00404191  0.01      ]]\n",
      "[[ 0.09226838  0.08542886 -0.01847917]\n",
      " [ 0.08542886  0.54460602  0.0031405 ]\n",
      " [-0.01847917  0.0031405   0.01      ]]\n",
      "[[ 0.07890288  0.08837889 -0.01571221]\n",
      " [ 0.08837889  0.42576725  0.00357027]\n",
      " [-0.01571221  0.00357027  0.01      ]]\n",
      "[[ 0.08389148  0.0987269  -0.01538261]\n",
      " [ 0.0987269   0.41559944  0.00436198]\n",
      " [-0.01538261  0.00436198  0.01      ]]\n",
      "[[ 0.0671551   0.04450535 -0.01739296]\n",
      " [ 0.04450535  0.47645207  0.00182364]\n",
      " [-0.01739296  0.00182364  0.01      ]]\n",
      "[[ 0.0537896   0.04745538 -0.014626  ]\n",
      " [ 0.04745538  0.3576133   0.00225341]\n",
      " [-0.014626    0.00225341  0.01      ]]\n",
      "[[ 0.0587782   0.0578034  -0.01429641]\n",
      " [ 0.0578034   0.34744549  0.00304512]\n",
      " [-0.01429641  0.00304512  0.01      ]]\n",
      "[[ 0.04234723  0.02375305 -0.01372229]\n",
      " [ 0.02375305  0.30766374  0.001352  ]\n",
      " [-0.01372229  0.001352    0.01      ]]\n",
      "[[ 0.04733583  0.03410106 -0.0133927 ]\n",
      " [ 0.03410106  0.29749593  0.00214371]\n",
      " [-0.0133927   0.00214371  0.01      ]]\n",
      "[[ 0.03397033  0.0370511  -0.01062573]\n",
      " [ 0.0370511   0.17865716  0.00257348]\n",
      " [-0.01062573  0.00257348  0.01      ]]\n",
      "[[ 0.45153199  0.52456746 -0.02814011]\n",
      " [ 0.52456746  1.28933126  0.01364136]\n",
      " [-0.02814011  0.01364136  0.01      ]]\n",
      "[[ 0.36032795  0.43235624 -0.02680664]\n",
      " [ 0.43235624  1.17804891  0.0115006 ]\n",
      " [-0.02680664  0.0115006   0.01      ]]\n",
      "[[ 0.29020035  0.34795904 -0.02400319]\n",
      " [ 0.34795904  0.99538441  0.00947521]\n",
      " [-0.02400319  0.00947521  0.01      ]]\n",
      "[[ 0.27533259  0.33003908 -0.02194024]\n",
      " [ 0.33003908  0.89662476  0.00933713]\n",
      " [-0.02194024  0.00933713  0.01      ]]\n",
      "[[ 4.23051880e-01  5.99052996e-02 -2.91191014e-02]\n",
      " [ 5.99052996e-02  1.36584135e+00  8.05523237e-04]\n",
      " [-2.91191014e-02  8.05523237e-04  1.00000000e-02]]\n",
      "[[ 4.14950531e-01  7.23032456e-02 -2.83452778e-02]\n",
      " [ 7.23032456e-02  1.30097091e+00  8.00802401e-04]\n",
      " [-2.83452778e-02  8.00802401e-04  1.00000000e-02]]\n",
      "[[ 0.36101884  0.14537725 -0.02488609]\n",
      " [ 0.14537725  1.05389656  0.00144771]\n",
      " [-0.02488609  0.00144771  0.01      ]]\n",
      "[[ 0.29604537  0.21169027 -0.02336355]\n",
      " [ 0.21169027  0.96328765  0.00346955]\n",
      " [-0.02336355  0.00346955  0.01      ]]\n",
      "[[ 0.27573376  0.23778733 -0.02325597]\n",
      " [ 0.23778733  0.95542121  0.00463324]\n",
      " [-0.02325597  0.00463324  0.01      ]]\n",
      "[[ 0.51134848  0.1194568  -0.02197735]\n",
      " [ 0.1194568   0.92823934 -0.00231145]\n",
      " [-0.02197735 -0.00231145  0.01      ]]\n",
      "[[ 0.57455557  0.12294271 -0.02112448]\n",
      " [ 0.12294271  0.90373246 -0.00343002]\n",
      " [-0.02112448 -0.00343002  0.01      ]]\n",
      "[[ 0.52342426  0.16051775 -0.02013296]\n",
      " [ 0.16051775  0.86498853 -0.0026652 ]\n",
      " [-0.02013296 -0.0026652   0.01      ]]\n",
      "[[ 3.97415452e-01  1.81644315e-01 -2.07538272e-02]\n",
      " [ 1.81644315e-01  8.68382661e-01 -1.50182584e-04]\n",
      " [-2.07538272e-02 -1.50182584e-04  1.00000000e-02]]\n",
      "[[ 3.99471897e-01  1.79095128e-01 -2.08596648e-02]\n",
      " [ 1.79095128e-01  8.72200685e-01 -1.86998722e-04]\n",
      " [-2.08596648e-02 -1.86998722e-04  1.00000000e-02]]\n",
      "[[ 0.33810261  0.3903155  -0.02422345]\n",
      " [ 0.3903155   0.95096325  0.01166076]\n",
      " [-0.02422345  0.01166076  0.01      ]]\n",
      "[[ 0.26797502  0.30591831 -0.02142   ]\n",
      " [ 0.30591831  0.76829875  0.00963536]\n",
      " [-0.02142     0.00963536  0.01      ]]\n",
      "[[ 0.25310725  0.28799834 -0.01935706]\n",
      " [ 0.28799834  0.6695391   0.00949728]\n",
      " [-0.01935706  0.00949728  0.01      ]]\n",
      "[[ 4.00826547e-01  1.78645657e-02 -2.65359143e-02]\n",
      " [ 1.78645657e-02  1.13875570e+00  9.65673951e-04]\n",
      " [-2.65359143e-02  9.65673951e-04  1.00000000e-02]]\n",
      "[[ 3.92725198e-01  3.02625117e-02 -2.57620907e-02]\n",
      " [ 3.02625117e-02  1.07388525e+00  9.60953115e-04]\n",
      " [-2.57620907e-02  9.60953115e-04  1.00000000e-02]]\n",
      "[[ 0.33879351  0.10333651 -0.0223029 ]\n",
      " [ 0.10333651  0.8268109   0.00160786]\n",
      " [-0.0223029   0.00160786  0.01      ]]\n",
      "[[ 0.27382004  0.16964954 -0.02078036]\n",
      " [ 0.16964954  0.73620199  0.0036297 ]\n",
      " [-0.02078036  0.0036297   0.01      ]]\n",
      "[[ 0.25350843  0.19574659 -0.02067278]\n",
      " [ 0.19574659  0.72833555  0.00479339]\n",
      " [-0.02067278  0.00479339  0.01      ]]\n",
      "[[ 0.48912314  0.07741607 -0.01939417]\n",
      " [ 0.07741607  0.70115368 -0.0021513 ]\n",
      " [-0.01939417 -0.0021513   0.01      ]]\n",
      "[[ 0.55233023  0.08090198 -0.0185413 ]\n",
      " [ 0.08090198  0.67664681 -0.00326987]\n",
      " [-0.0185413  -0.00326987  0.01      ]]\n",
      "[[ 0.50119893  0.11847702 -0.01754978]\n",
      " [ 0.11847702  0.63790287 -0.00250505]\n",
      " [-0.01754978 -0.00250505  0.01      ]]\n",
      "[[ 3.75190119e-01  1.39603581e-01 -1.81706401e-02]\n",
      " [ 1.39603581e-01  6.41297003e-01  9.96813007e-06]\n",
      " [-1.81706401e-02  9.96813007e-06  1.00000000e-02]]\n",
      "[[ 3.77246564e-01  1.37054394e-01 -1.82764777e-02]\n",
      " [ 1.37054394e-01  6.45115028e-01 -2.68480076e-05]\n",
      " [-1.82764777e-02 -2.68480076e-05  1.00000000e-02]]\n",
      "[[ 0.17677098  0.21370709 -0.02008653]\n",
      " [ 0.21370709  0.6570164   0.0074946 ]\n",
      " [-0.02008653  0.0074946   0.01      ]]\n",
      "[[ 0.16190321  0.19578712 -0.01802358]\n",
      " [ 0.19578712  0.55825675  0.00735653]\n",
      " [-0.01802358  0.00735653  0.01      ]]\n",
      "[[ 0.30962251 -0.07434665 -0.02520244]\n",
      " [-0.07434665  1.02747335 -0.00117508]\n",
      " [-0.02520244 -0.00117508  0.01      ]]\n",
      "[[ 0.30152116 -0.06194871 -0.02442861]\n",
      " [-0.06194871  0.9626029  -0.0011798 ]\n",
      " [-0.02442861 -0.0011798   0.01      ]]\n",
      "[[ 2.47589468e-01  1.11252916e-02 -2.09694273e-02]\n",
      " [ 1.11252916e-02  7.15528547e-01 -5.32894872e-04]\n",
      " [-2.09694273e-02 -5.32894872e-04  1.00000000e-02]]\n",
      "[[ 0.182616    0.07743832 -0.01944688]\n",
      " [ 0.07743832  0.62491964  0.00148894]\n",
      " [-0.01944688  0.00148894  0.01      ]]\n",
      "[[ 0.16230439  0.10353537 -0.0193393 ]\n",
      " [ 0.10353537  0.6170532   0.00265263]\n",
      " [-0.0193393   0.00265263  0.01      ]]\n",
      "[[ 0.3979191  -0.01479515 -0.01806069]\n",
      " [-0.01479515  0.58987133 -0.00429205]\n",
      " [-0.01806069 -0.00429205  0.01      ]]\n",
      "[[ 0.4611262  -0.01130924 -0.01720782]\n",
      " [-0.01130924  0.56536445 -0.00541062]\n",
      " [-0.01720782 -0.00541062  0.01      ]]\n",
      "[[ 0.40999489  0.0262658  -0.0162163 ]\n",
      " [ 0.0262658   0.52662052 -0.00464581]\n",
      " [-0.0162163  -0.00464581  0.01      ]]\n",
      "[[ 0.28398608  0.04739236 -0.01683716]\n",
      " [ 0.04739236  0.53001465 -0.00213079]\n",
      " [-0.01683716 -0.00213079  0.01      ]]\n",
      "[[ 0.28604252  0.04484317 -0.016943  ]\n",
      " [ 0.04484317  0.53383268 -0.0021676 ]\n",
      " [-0.016943   -0.0021676   0.01      ]]\n",
      "[[ 0.09177562  0.11138993 -0.01522014]\n",
      " [ 0.11138993  0.37559225  0.00533113]\n",
      " [-0.01522014  0.00533113  0.01      ]]\n",
      "[[ 0.23949491 -0.15874385 -0.02239899]\n",
      " [-0.15874385  0.84480884 -0.00320048]\n",
      " [-0.02239899 -0.00320048  0.01      ]]\n",
      "[[ 0.23139356 -0.14634591 -0.02162517]\n",
      " [-0.14634591  0.7799384  -0.0032052 ]\n",
      " [-0.02162517 -0.0032052   0.01      ]]\n",
      "[[ 0.17746187 -0.07327191 -0.01816598]\n",
      " [-0.07327191  0.53286404 -0.00255829]\n",
      " [-0.01816598 -0.00255829  0.01      ]]\n",
      "[[ 0.1124884  -0.00695888 -0.01664344]\n",
      " [-0.00695888  0.44225514 -0.00053645]\n",
      " [-0.01664344 -0.00053645  0.01      ]]\n",
      "[[ 0.09217679  0.01913818 -0.01653586]\n",
      " [ 0.01913818  0.43438869  0.00062723]\n",
      " [-0.01653586  0.00062723  0.01      ]]\n",
      "[[ 0.32779151 -0.09919235 -0.01525725]\n",
      " [-0.09919235  0.40720683 -0.00631745]\n",
      " [-0.01525725 -0.00631745  0.01      ]]\n",
      "[[ 0.3909986  -0.09570644 -0.01440438]\n",
      " [-0.09570644  0.38269995 -0.00743602]\n",
      " [-0.01440438 -0.00743602  0.01      ]]\n",
      "[[ 0.33986729 -0.0581314  -0.01341286]\n",
      " [-0.0581314   0.34395601 -0.0066712 ]\n",
      " [-0.01341286 -0.0066712   0.01      ]]\n",
      "[[ 0.21385848 -0.03700484 -0.01403372]\n",
      " [-0.03700484  0.34735015 -0.00415618]\n",
      " [-0.01403372 -0.00415618  0.01      ]]\n",
      "[[ 0.21591493 -0.03955402 -0.01413956]\n",
      " [-0.03955402  0.35116817 -0.004193  ]\n",
      " [-0.01413956 -0.004193    0.01      ]]\n",
      "[[ 0.22462715 -0.17666381 -0.02033605]\n",
      " [-0.17666381  0.7460492  -0.00333856]\n",
      " [-0.02033605 -0.00333856  0.01      ]]\n",
      "[[ 0.2165258  -0.16426587 -0.01956222]\n",
      " [-0.16426587  0.68117875 -0.00334328]\n",
      " [-0.01956222 -0.00334328  0.01      ]]\n",
      "[[ 0.16259411 -0.09119187 -0.01610304]\n",
      " [-0.09119187  0.4341044  -0.00269637]\n",
      " [-0.01610304 -0.00269637  0.01      ]]\n",
      "[[ 0.09762064 -0.02487884 -0.01458049]\n",
      " [-0.02487884  0.34349549 -0.00067453]\n",
      " [-0.01458049 -0.00067453  0.01      ]]\n",
      "[[ 0.07730903  0.00121821 -0.01447291]\n",
      " [ 0.00121821  0.33562905  0.00048916]\n",
      " [-0.01447291  0.00048916  0.01      ]]\n",
      "[[ 0.31292375 -0.11711231 -0.0131943 ]\n",
      " [-0.11711231  0.30844718 -0.00645553]\n",
      " [-0.0131943  -0.00645553  0.01      ]]\n",
      "[[ 0.37613084 -0.1136264  -0.01234143]\n",
      " [-0.1136264   0.2839403  -0.0075741 ]\n",
      " [-0.01234143 -0.0075741   0.01      ]]\n",
      "[[ 0.32499953 -0.07605136 -0.01134991]\n",
      " [-0.07605136  0.24519637 -0.00680928]\n",
      " [-0.01134991 -0.00680928  0.01      ]]\n",
      "[[ 0.19899072 -0.0549248  -0.01197077]\n",
      " [-0.0549248   0.2485905  -0.00429426]\n",
      " [-0.01197077 -0.00429426  0.01      ]]\n",
      "[[ 0.20104716 -0.05747399 -0.01207661]\n",
      " [-0.05747399  0.25240853 -0.00433108]\n",
      " [-0.01207661 -0.00433108  0.01      ]]\n",
      "[[ 0.36424509 -0.43439965 -0.02674108]\n",
      " [-0.43439965  1.15039535 -0.01187489]\n",
      " [-0.02674108 -0.01187489  0.01      ]]\n",
      "[[ 0.3103134  -0.36132565 -0.02328189]\n",
      " [-0.36132565  0.90332099 -0.01122798]\n",
      " [-0.02328189 -0.01122798  0.01      ]]\n",
      "[[ 0.24533993 -0.29501262 -0.02175935]\n",
      " [-0.29501262  0.81271209 -0.00920614]\n",
      " [-0.02175935 -0.00920614  0.01      ]]\n",
      "[[ 0.22502832 -0.26891556 -0.02165177]\n",
      " [-0.26891556  0.80484564 -0.00804245]\n",
      " [-0.02165177 -0.00804245  0.01      ]]\n",
      "[[ 0.46064304 -0.38724609 -0.02037316]\n",
      " [-0.38724609  0.77766377 -0.01498714]\n",
      " [-0.02037316 -0.01498714  0.01      ]]\n",
      "[[ 0.52385013 -0.38376018 -0.01952029]\n",
      " [-0.38376018  0.7531569  -0.01610571]\n",
      " [-0.01952029 -0.01610571  0.01      ]]\n",
      "[[ 0.47271882 -0.34618514 -0.01852876]\n",
      " [-0.34618514  0.71441296 -0.01534089]\n",
      " [-0.01852876 -0.01534089  0.01      ]]\n",
      "[[ 0.34671001 -0.32505858 -0.01914963]\n",
      " [-0.32505858  0.7178071  -0.01282587]\n",
      " [-0.01914963 -0.01282587  0.01      ]]\n",
      "[[ 0.34876646 -0.32760776 -0.01925547]\n",
      " [-0.32760776  0.72162512 -0.01286269]\n",
      " [-0.01925547 -0.01286269  0.01      ]]\n",
      "[[ 0.30221205 -0.3489277  -0.02250807]\n",
      " [-0.3489277   0.83845055 -0.0112327 ]\n",
      " [-0.02250807 -0.0112327   0.01      ]]\n",
      "[[ 0.23723858 -0.28261468 -0.02098553]\n",
      " [-0.28261468  0.74784164 -0.00921086]\n",
      " [-0.02098553 -0.00921086  0.01      ]]\n",
      "[[ 0.21692697 -0.25651762 -0.02087795]\n",
      " [-0.25651762  0.7399752  -0.00804717]\n",
      " [-0.02087795 -0.00804717  0.01      ]]\n",
      "[[ 0.45254169 -0.37484814 -0.01959933]\n",
      " [-0.37484814  0.71279333 -0.01499186]\n",
      " [-0.01959933 -0.01499186  0.01      ]]\n",
      "[[ 0.51574878 -0.37136224 -0.01874646]\n",
      " [-0.37136224  0.68828645 -0.01611043]\n",
      " [-0.01874646 -0.01611043  0.01      ]]\n",
      "[[ 0.46461747 -0.3337872  -0.01775494]\n",
      " [-0.3337872   0.64954252 -0.01534561]\n",
      " [-0.01775494 -0.01534561  0.01      ]]\n",
      "[[ 0.33860866 -0.31266063 -0.01837581]\n",
      " [-0.31266063  0.65293665 -0.01283059]\n",
      " [-0.01837581 -0.01283059  0.01      ]]\n",
      "[[ 0.34066511 -0.31520982 -0.01848164]\n",
      " [-0.31520982  0.65675468 -0.01286741]\n",
      " [-0.01848164 -0.01286741  0.01      ]]\n",
      "[[ 0.18330689 -0.20954068 -0.01752634]\n",
      " [-0.20954068  0.50076729 -0.00856395]\n",
      " [-0.01752634 -0.00856395  0.01      ]]\n",
      "[[ 0.16299528 -0.18344362 -0.01741876]\n",
      " [-0.18344362  0.49290084 -0.00740026]\n",
      " [-0.01741876 -0.00740026  0.01      ]]\n",
      "[[ 0.39861    -0.30177414 -0.01614015]\n",
      " [-0.30177414  0.46571898 -0.01434495]\n",
      " [-0.01614015 -0.01434495  0.01      ]]\n",
      "[[ 0.46181709 -0.29828824 -0.01528728]\n",
      " [-0.29828824  0.4412121  -0.01546352]\n",
      " [-0.01528728 -0.01546352  0.01      ]]\n",
      "[[ 0.41068578 -0.2607132  -0.01429575]\n",
      " [-0.2607132   0.40246816 -0.0146987 ]\n",
      " [-0.01429575 -0.0146987   0.01      ]]\n",
      "[[ 0.28467697 -0.23958663 -0.01491662]\n",
      " [-0.23958663  0.4058623  -0.01218368]\n",
      " [-0.01491662 -0.01218368  0.01      ]]\n",
      "[[ 0.28673342 -0.24213582 -0.01502246]\n",
      " [-0.24213582  0.40968032 -0.0122205 ]\n",
      " [-0.01502246 -0.0122205   0.01      ]]\n",
      "[[ 0.09802181 -0.11713059 -0.01589622]\n",
      " [-0.11713059  0.40229194 -0.00537842]\n",
      " [-0.01589622 -0.00537842  0.01      ]]\n",
      "[[ 0.33363653 -0.23546112 -0.0146176 ]\n",
      " [-0.23546112  0.37511007 -0.01232311]\n",
      " [-0.0146176  -0.01232311  0.01      ]]\n",
      "[[ 0.39684362 -0.23197521 -0.01376473]\n",
      " [-0.23197521  0.35060319 -0.01344168]\n",
      " [-0.01376473 -0.01344168  0.01      ]]\n",
      "[[ 0.34571231 -0.19440017 -0.01277321]\n",
      " [-0.19440017  0.31185926 -0.01267686]\n",
      " [-0.01277321 -0.01267686  0.01      ]]\n",
      "[[ 0.2197035  -0.17327361 -0.01339408]\n",
      " [-0.17327361  0.31525339 -0.01016184]\n",
      " [-0.01339408 -0.01016184  0.01      ]]\n",
      "[[ 0.22175995 -0.17582279 -0.01349991]\n",
      " [-0.17582279  0.31907142 -0.01019866]\n",
      " [-0.01349991 -0.01019866  0.01      ]]\n",
      "[[ 0.31332492 -0.20936406 -0.01451002]\n",
      " [-0.20936406  0.36724363 -0.01115942]\n",
      " [-0.01451002 -0.01115942  0.01      ]]\n",
      "[[ 0.37653201 -0.20587815 -0.01365715]\n",
      " [-0.20587815  0.34273675 -0.01227799]\n",
      " [-0.01365715 -0.01227799  0.01      ]]\n",
      "[[ 0.3254007  -0.16830311 -0.01266563]\n",
      " [-0.16830311  0.30399281 -0.01151318]\n",
      " [-0.01266563 -0.01151318  0.01      ]]\n",
      "[[ 0.19939189 -0.14717655 -0.0132865 ]\n",
      " [-0.14717655  0.30738695 -0.00899816]\n",
      " [-0.0132865  -0.00899816  0.01      ]]\n",
      "[[ 0.20144834 -0.14972574 -0.01339233]\n",
      " [-0.14972574  0.31120497 -0.00903497]\n",
      " [-0.01339233 -0.00903497  0.01      ]]\n",
      "[[ 0.61214673 -0.32420868 -0.01237854]\n",
      " [-0.32420868  0.31555488 -0.01922268]\n",
      " [-0.01237854 -0.01922268  0.01      ]]\n",
      "[[ 0.56101542 -0.28663364 -0.01138702]\n",
      " [-0.28663364  0.27681095 -0.01845786]\n",
      " [-0.01138702 -0.01845786  0.01      ]]\n",
      "[[ 0.43500661 -0.26550708 -0.01200788]\n",
      " [-0.26550708  0.28020508 -0.01594284]\n",
      " [-0.01200788 -0.01594284  0.01      ]]\n",
      "[[ 0.43706305 -0.26805626 -0.01211372]\n",
      " [-0.26805626  0.2840231  -0.01597966]\n",
      " [-0.01211372 -0.01597966  0.01      ]]\n",
      "[[ 0.62422251 -0.28314773 -0.01053415]\n",
      " [-0.28314773  0.25230407 -0.01957643]\n",
      " [-0.01053415 -0.01957643  0.01      ]]\n",
      "[[ 0.4982137  -0.26202117 -0.01115501]\n",
      " [-0.26202117  0.2556982  -0.01706141]\n",
      " [-0.01115501 -0.01706141  0.01      ]]\n",
      "[[ 0.50027015 -0.26457035 -0.01126085]\n",
      " [-0.26457035  0.25951623 -0.01709823]\n",
      " [-0.01126085 -0.01709823  0.01      ]]\n",
